undefined1	1 课程介绍与代码获取方式	123
2	2 Javascript的过去与将来	623
3	3 ES开发工具选择	289
4	4 让程序跑起来与避免延迟	293
5	5 前端访问流程基本分析	257
6	6 注释与执行符	265
7	7 变量声明基础知识	348
8	8 体验解析过程与变量提升	356
9	9 let&const暂时性死区TDC	307
10	10 var-let-const的共同点	344
11	11 可怕的全局污染	248
12	12 块作用域这个先进的特性	517
13	13 const常量声明一探究竟	404
14	14 window全局对象污染与重复声明	365
15	15 Object.freeze冻结变量	227
16	16 标量与引用类型的传值与传址特性	360
17	17 null与undefined详解	451
18	18 use strict严格模式高质量代码守卫	430
19	1 赋值运算符与算术运算符	146
20	2 一元运算符的前置与后置操作	127
21	3 比较运算符注意事项	421
22	4 逻辑运算符实例详解	523
23	5 短路运算的妙用	339
24	6 网站协议接受验证	299
25	7 使用ifelse判断密码强度	283
26	8 三元表达式真的好可爱	241
27	9 switch使用注意事项	450
28	10 while循环控制	320
29	11 dowhile循环实例操作	188
30	12 使用for循环打印杨辉三角	346
31	13 break-continue与label标签的使用	366
32	14 for-in与for-of使用方法操作	511
33	1 章节介绍与类型判断	420
34	2 字符串转义与模板字面量使用	440
35	3 模板字面量嵌套使用技巧	320
36	4 神奇的标签模板实例操作	515
37	5 字符串基本函数使用	478
38	6 字符串截取操作	207
39	7 检索字符串使用技巧	321
40	8 字符串替换标题关键词	199
41	9 电话号码模糊处理	133
42	10 类型转换使用技巧	467
43	11 Boolean隐式转换原理	568
44	12 显示转换Booean类型	216
45	13 boolean实例操作	160
46	14 Number声明方式与基本函数	183
47	15 数值类型转换技巧与NaN类型	407
48	16 Math数学计算	225
49	17 Math.random随机点名操作	699
50	18 日期时间戳的使用与计算脚本执行时间	374
51	19 ISO与TIMESTAMP格式互换	116
52	20 封装日期格式化函数	286
53	21 优秀的日期处理库momentjs	151
54	1 课程介绍与数组引用类型分析	403
55	2 多维数组操作	190
56	3 Array.of与数组创建细节	214
57	4 类型检测与转换	404
58	5 展开语法真的好用啊	232
59	6 点语法操作DOM节点元素	221
60	7 使用解构赋值提高效率	591
61	8 添加元素的多种操作技巧	331
62	9 数据出栈与入栈及填充操作	263
63	10 splice与slice实现数组的增删改查	340
64	11 数组移动函数实例	251
65	12 清空数组的多种处理方式	198
66	13 数组的拆分与合并操作	265
67	14 查找元素基本使用	268
68	15 includes方法原理实现	124
69	16 高效的find与findIndex新增方法	305
70	17 自定义find原型方法实现	189
71	18 数组排序使用技巧	269
72	19 sort排序算法原理实现	230
73	20 循环操作中引用类型使用技巧	277
74	21 forEach循环方法使用	249
75	22 iterator迭代器方法玩转数组	426
76	23 every与some这么用的	506
77	24 filter过滤元素使用	150
78	25 自定义过滤函数理解原理	142
79	26 map映射数组与引用类型处理技巧	321
80	27 超好用的reduce方法详解	348
81	28 购物车汇总与获取最贵商品	170
82	29 处理购物车中的重复商品	416
83	30 炫酷的文字LOGO效果元素构建	204
84	31 为LOGO添加关键帧动画	239
85	32 监听animationend事件移动动画类	128
86	1 Symbol使用场景介绍	224
87	2 声明定义Symbol的几种方式	306
88	3 使用Symbol解决字符串耦合问题	214
89	4 Symbol在缓存容器中的使用	345
90	5 扩展特性与对象属性保护	306
91	1 Set类型与Array与Object对比分析	286
92	2 Set元素检测与管理	190
93	3 类型之间互相帮助才是好兄弟	264
94	4 遍历Set类型的方式	170
95	5 使用Set处理网站关键词	312
96	6 并集-交集-差集算法实现	192
97	7 WeakSet语法介绍	189
98	8 引用类型的垃圾回收原理	256
99	9 WeakSet弱引用特性	367
100	10 TODO任务列表中使用WeakSet	337
101	1 Map类型特点与创建方法	352
102	2 Map类型增删改查操作	202
103	3 遍历Map类型数据	136
104	4 Map类型转换操作	231
105	5 Map类型管理DOM节点	201
106	6 使用Map类型控制网站表单提交	339
107	7 WeakMap的语法使用	228
108	8 WeakMap弱引用类型体验	344
109	9 使用WeakSet开发选课组件	495
110	10 WeakMap选课案例的视图渲染	385
111	1 函数声明的多种方式	401
112	2 全局函数定义特点	213
113	3 匿名函数与函数提升	301
114	4 立即执行函数与块作用域解决冲突	396
115	5 形参与实参	146
116	6 默认参数的使用技巧	430
117	7 函数参数与arguments	408
118	8 箭头函数使用语法	384
119	9 使用函数完成递归算法	377
120	10 递归求合与点语法注意事项	280
121	11 递归实现倒三角	154
122	12 递归附加参数使用技巧	281
123	13 什么是回调函数	157
124	14 展开语法(点语法)正确使用方式	372
125	15 函数与方法中this的不同	559
126	16 通过常量改变this指针	323
127	17 箭头函数带来的this变化实例	824
128	18 this的构造原理实现	244
129	19 call与apply	408
130	20 构造函数方法继承	525
131	21 优雅的开发面板组件	293
132	22 bind原来是这么用的	462
133	23 漂亮的随机色效果	238
134	1 什么是环境与作用域	600
135	2 函数的环境与作用域原理	391
136	3 延伸函数环境生命周期	666
137	4 构造函数中的作用域的使用形态	263
138	5 什么是块级作用域	249
139	6 let-const-var在for循环中执行原理	350
140	7 模拟出var的伪块作用域	159
141	8 多级作用域嵌套详解	370
142	9 什么是闭包及与其他语言对比实例	114
143	10 使用闭包获取区间商品	309
144	11 移动动画的闭包使用	258
145	12 动画为什么会抖动呢？	207
146	13 动画加速的原因	291
147	14 利用闭包根据字段排序商品	377
148	15 闭包的内存泄漏解决方法	188
149	16 this在闭包中的历史遗留问题	221
150	1 函数编程与面向对象的实例对比	449
151	2 属性的基本操作方法	222
152	3 对象的引用传址	233
153	4 使用展示语法完成参数合并	241
154	5 解构赋值新增特性	346
155	6 严格模式中解构的差异	129
156	7 解构操作的简写形式与变量解构	238
157	8 多层对象的解构操作	129
158	9 解构默认值实现配置项合并	323
159	10 函数参数的解构特性使用技巧	152
160	11 对象属性的添加删除操作	136
161	12 对象与原型链属性检测实例	331
162	13 计算属性与assign使用	358
163	14  遍历操作与DOM绘制	424
164	15 对象的浅拷贝多种操作方法	299
165	16 深拷贝多层次分析	632
166	17 使用工厂函数创建对象	264
167	18 构造函数创建对象的方式	232
168	19 原来数据也可以使用构造函数构建	417
169	20 面向对象的封装与抽象	368
170	21 什么是对象的属性特征	269
171	22 灵活的控制属性的特征	423
172	23 不允许向对象中添加属性API	88
173	24 封闭对象的API操作	182
174	25 冻结对象API特性	159
175	26 使用访问器保护数据	375
176	27 访问器伪造属性操作	154
177	28 使用访问器批量设置属性	149
178	29 TOKEN的读写处理	172
179	30 访问器的优先级	259
180	31 构造函数与class语法糖中使用访问器	335
181	32 什么是Proxy代理拦截	307
182	33 使用代理Proxy控制函数	198
183	34 数组使用代理拦截操作	234
184	35 VUEJS数据绑定的容器更新	289
185	36 双向数据绑定的页面渲染	186
186	37 表单验证组件的代理工厂	323
187	38 使用代理完成自定义验证组件	373
188	39 JSON数据解决什么问题	470
189	40 JSON序列化与自定义toJSON	244
190	41 JSON转为JS可操作类型	215
191	1 学习原型的重要性与章节介绍	188
192	2 原型的初步认识	216
193	3 没有原型的对象也是存在的	166
194	4 原型方法与对象方法优先级	160
195	5 函数拥有多个长辈	412
196	6 原型关系详解与属性继承实例	435
197	7 系统构造函数的原型体现	256
198	8 自定义对象的原型设置	253
199	9 原型中的constructor引用	477
200	10 给我一个对象还你一个世界	219
201	11 总结一下原型链	369
202	12 原型链检测之instanceof	329
203	13 Object.isPrototypeOf原型检测	271
204	14 in与hasOwnProperty的属性检测差异	210
205	15 使用call或apply借用原型链	313
206	16 优化方法借用	175
207	17 DOM节点借用Array原型方法	286
208	18 合理的构造函数方法声明	206
209	19 this和原型没有关系的	162
210	20 不要滥用原型	221
211	21 Object.create与__proto__	215
212	22 使用setPrototypeOf替代__proto__	136
213	23 __proto__原来是属性访问器	334
214	24 改变构造函数原型并不是继承	481
215	25 继承是原型的继承	464
216	26 继承对新增对象的影响	218
217	27 继承对constructor属性的影响	435
218	28 禁止constructor被遍历	220
219	29 方法重写与父级属性访问	175
220	30 面向对象的多态	201
221	31 使用父类构造函数初始属性	384
222	32 使用原型工厂封装继承	239
223	33 对象工厂派生对象并实现继承	339
224	34 多继承造成的困扰	413
225	35 使用mixin实现多继承	405
226	36 mixin的内部继承与super关键字	345
227	37 TAB选项卡显示效果基类开发	193
228	38 好用的TAB业务管理类	523
229	39 开放更多API实现灵活定制	390
230	1 类的特点是什么？	178
231	2 class声明类的语法	291
232	3 类的内部工作机制就是原型操作	423
233	4 对象属性的声明	160
234	5 class声明的方法为什么不能遍历	285
235	6 严格模式下运行	174
236	7 静态属性使用	311
237	8 静态方法的实现原理	631
238	9 静态属性练习之课程管理类	350
239	10 在类中使用访问器	324
240	11 使用命名规则保护属性	259
241	12 使用Symbol定义protected属性	373
242	13 使用WeakMap保护属性	403
243	14 pricate私有属性使用	317
244	15 class属性继承原理	207
245	16 类的方法继承原理	202
246	17 super原理分析	467
247	18 多重继承中super的魅力	213
248	19 constructor中执行super	262
249	20 使用super访问父类方法	223
250	21 方法的重写	113
251	22 静态继承原理	295
252	23 使用instanceof检测对象实现	359
253	24 isPrototypeOf检测继承关系	188
254	25 内置类继承的原型实现	206
255	26 使用继承增强内置类	217
256	27 mixin混合模式使用技巧	300
257	28 灵活的动画处理类	448
258	29 容器管理类Slide定义	198
259	30 批量执行动画	302
260	31 动画队列的控制	257
261	1 为什么使用模块化开发	288
262	2 开发一个模块管理引擎	700
263	3 模块的基本使用	347
264	4 模块延迟解析与严格模式	266
265	5 作用域在模块中的体现	306
266	6 预解析的必要性	251
267	7 模块的具名导出与导入	187
268	8 批量导入与建议	143
269	9 别名使用	116
270	10 default默认导出	187
271	11 混合导入导出的使用	130
272	12 默认导出模块的使用规范	168
273	13 模块的合并导出	404
274	14 按需动态加载模块	220
275	15 WEBPACK构建项目的软件安装	93
276	16 WEBPACK完成项目的打包编译	281
277	1 正则表达式与章节介绍	183
278	2 体验正则表达式的魅力	190
279	3 字面量创建正则表达式	150
280	4 使用对象创建正则表达式	350
281	5 选择符的使用	250
282	6 原子表与原子组中的选择符	115
283	7 转义需要好好理解	443
284	8 字符边界约束	365
285	9 数值与空白元字符	447
286	10 w与W元字符	415
287	11 点元字符的使用	289
288	12 如何精巧的匹配所有字符	219
289	13 i与g模式修正符	177
290	14 m多行匹配修正符实例	329
291	15 汉字与字符属性	272
292	16 lastIndex属性的作用	198
293	17 有效率的y模式	261
294	18 原子表基本使用	195
295	19 区间匹配	293
296	20 排除匹配	130
297	21 原子表字符不解析	135
298	22 使用原子表匹配所有内容	163
299	23 正则操作DOM元素	184
300	24 认识原子组	250
301	25 邮箱验证中原子组的使用	416
302	26 原子组引用完成替换操作	247
303	27 嵌套分组与不记录组	325
304	28 多种重复匹配基本使用	224
305	29 重复匹配对原子组影响与电话号正则	163
306	30 网站用户名验证	171
307	31 批量使用正则完成密码验证	193
308	32 禁止贪婪	134
309	33 标签替换的禁止贪婪使用	220
310	34 使用matchAll完成全局匹配	210
311	35 为低端浏览器定义原型方法matchAll	316
312	36 使用exec完成全局匹配	286
313	37 字符串正则方法search与match	226
314	38 字符串正则方法matchAll与split	135
315	39 $符在正则替换中的使用	298
316	40 $&使用	76
317	41 原子组在替换中的使用技巧	350
318	42 原子组别名	114
319	43 使用原子组别名优化正则	218
320	44 正则方法test	210
321	45 正则方法exec	163
322	46 零宽先行断言	124
323	47 使用断言规范价格	155
324	48 零宽后行断言	209
325	49 使用断言模糊电话号	110
326	50 零宽负向先行断言	125
327	51 断言限制用户名关键词	213
328	52 零宽负向后行断言	94
329	53 使用断言排除法统一数据	216
330	1 什么是异步编程？	495
331	2 异步加载图片体验JS任务操作	365
332	3 定时器的任务轮询	540
333	4 通过文件依赖了解任务排序	434
334	5 ajax异步请求任务管理	397
335	6 Promise微任务处理机制	475
336	7 宏任务与微任务执行顺序	327
337	8 宏任务的提升原来是误解	277
338	9 Promise单一状态与状态中转	301
339	10 了解Promise.then的基本语法	191
340	11 Promise.then也是一个Promise	275
341	12 then返回值的处理技巧	467
342	13 其它类型的Promise封装	228
343	14 使用Promise封装AJAX异步请求	414
344	15 Promise多种错误监测与catch使用	418
345	16 自定义错误处理	400
346	17 使用finally实现异步加载动画	233
347	18 Promise异步加载图片	156
348	19 封装setTimeout定时器	145
349	20 构建扁平化的setInterval	315
350	21 script脚本的Promise加载引擎	169
351	22 Promise.resolve缓存后台数据	443
352	23 Promise.reject使用	212
353	24 Promise.all批量获取数据	307
354	25 Promise.allSettled使用	208
355	26 Promise.race后台请求超时处理	282
356	27 Promise队列原理	207
357	28 使用Map实现Promise队列	235
358	29 reduce封装Promise队列	160
359	30 使用队列渲染数据	358
360	31 async与await语法糖	384
361	32 async与await执行异步请示	206
362	33 async延时函数	162
363	34 await制作加载进度条	310
364	35 class与await的结合	149
365	36 异步封装在类内部	152
366	37 async与await多种声明	160
367	38 async基本错误处理	226
368	39 标准的await错误处理流程	394
369	40 await并行执行技巧	283
370	1 宏任务与微任务	345
371	2 定时器的任务编排	289
372	3 Promise微任务处理逻辑	356
373	4 DOM渲染任务	166
374	5 任务共享内存	180
375	6 进度条实例体验任务轮询	293
376	7 任务拆分成多个子任务	307
377	8 Promise微任务处理复杂业务	263
378	1 课程介绍	127
379	2 声明PROMISE类并绑定THIS	436
380	3 状态保护与执行者异步捕获	125
381	4 THEN的基础构建	270
382	5 实现THEN的异步操作与异常捕获	255
383	6 PROMISE的PENDDING状态处理	269
384	7 PENDING状态异常处理	202
385	8 PENDING的异步任务处理技巧	176
386	9 THEN链式操作原理分析	153
387	10 实现PROMISE链式操作	341
388	11 THEN新增PROMISE异常处理	164
389	12 实现THEN的穿透传递	117
390	13 THEN返回PROMISE的处理	578
391	14 THEN代码冗余优化	237
392	15 PROMISE返回类型约束	259
393	16 实现RESOLVE与REJECT	412
394	17 PROMISE的ALL方法实现	396
395	18 PROMISE的RACE静态方法实现	239
